894
267 580
30 61
436 141
721 652
16 172
393 473
303 566
521 488
714 211
547 332
549 452
147 375
27 44
33 106
13 168
8 88
72 65
247 698
35 135
437 105
16 690
122 617
318 599
12 10
469 833
155 96
81 112
422 47
774 258
446 532
122 85
244 401
672 380
86 5
212 665
117 139
189 705
166 452
26 504
107 656
155 543
468 232
661 834
77 250
750 776
471 470
484 403
82 6
12 13
775 26
219 232
157 35
33 141
857 800
91 86
335 305
522 235
342 337
179 592
794 72
159 749
289 696
27 54
255 241
861 518
13 336
58 15
369 136
252 838
369 641
887 663
559 764
643 779
218 574
31 396
138 60
208 147
667 322
842 58
1 2
866 281
525 10
302 234
129 308
173 177
1 95
244 232
885 858
797 108
57 10
408 439
285 305
169 105
5 7
68 361
75 150
36 201
68 22
384 602
138 817
11 1
83 51
124 300
468 647
309 654
759 171
221 218
755 803
101 56
593 2
758 79
319 659
782 442
7 20
124 163
175 713
79 212
165 156
277 552
44 78
189 10
749 795
372 745
252 214
25 8
341 58
298 318
389 190
446 199
768 595
690 747
321 821
10 36
33 28
98 55
708 825
558 645
892 817
27 171
226 332
510 598
268 65
117 95
643 814
676 365
136 179
39 115
486 20
619 569
108 145
193 165
540 192
507 165
733 603
3 553
108 56
656 881
364 212
627 236
85 503
205 718
284 479
12 288
631 475
470 279
209 315
434 76
139 385
51 46
132 326
38 307
761 153
2 79
524 458
184 541
205 387
211 311
123 229
790 891
17 132
557 781
633 708
856 24
292 715
41 36
365 202
558 144
25 317
426 54
120 848
82 206
355 370
197 85
354 236
196 413
38 203
114 737
371 376
869 842
188 125
572 70
148 442
90 754
636 36
19 14
305 608
464 806
142 24
286 85
15 45
48 273
133 107
788 843
349 831
864 306
78 347
9 170
384 790
191 595
375 505
854 34
546 94
225 506
231 400
9 644
338 750
289 5
237 420
253 230
408 330
48 454
494 628
434 683
367 51
525 571
43 372
348 55
1 466
893 590
283 198
52 44
702 349
331 61
99 14
27 204
380 236
79 245
298 322
16 1
330 700
365 368
44 85
230 298
850 368
558 742
791 199
554 5
88 490
877 742
36 281
94 158
555 396
80 47
154 68
727 839
526 226
357 199
121 131
25 215
62 7
38 7
606 556
22 55
768 807
54 214
323 126
114 93
108 143
164 187
78 406
442 858
725 780
43 48
27 94
417 660
100 105
230 81
219 520
115 319
247 600
297 159
506 581
35 75
28 329
8 4
739 714
870 889
271 119
64 58
409 175
63 26
822 268
262 343
133 573
41 109
602 622
480 756
292 527
662 2
388 6
36 451
193 377
625 375
421 238
489 36
321 810
31 485
306 244
16 126
43 6
126 763
443 218
419 41
118 98
429 271
100 12
200 94
376 539
883 546
205 728
104 63
510 687
117 643
876 547
883 890
183 25
852 316
233 405
27 70
199 417
247 576
816 658
382 172
445 630
150 182
50 41
59 57
196 607
382 835
346 863
418 186
19 440
751 332
15 173
15 5
327 476
79 875
460 112
29 760
351 480
840 536
639 95
110 72
879 754
243 678
91 677
342 735
688 533
15 42
3 724
135 670
344 27
148 301
256 160
862 697
191 26
197 686
51 542
785 31
716 829
784 312
673 285
456 492
362 335
180 73
3 40
153 378
663 809
60 753
500 122
496 353
223 605
11 238
49 67
127 103
559 187
388 575
115 243
516 170
87 34
330 308
168 397
699 325
304 58
166 146
258 762
392 375
707 41
85 240
868 63
399 35
772 282
27 5
313 564
111 81
57 222
159 195
200 523
96 259
248 674
529 190
335 629
471 693
275 403
129 261
649 828
163 487
292 205
344 642
328 181
205 274
297 316
743 74
766 139
363 231
449 359
158 568
510 264
620 428
98 663
432 462
23 11
121 386
346 148
59 235
295 799
59 872
788 13
233 17
353 246
427 332
612 284
563 376
694 727
149 431
379 511
337 704
100 458
451 669
580 826
9 2
819 621
734 187
251 180
695 220
67 478
333 601
316 324
455 396
679 165
616 43
837 587
800 525
152 30
267 652
658 546
709 350
15 596
37 35
122 146
374 329
49 210
356 336
73 41
266 202
701 67
661 279
280 256
116 99
195 264
649 188
744 233
576 577
438 342
703 235
116 130
17 28
737 787
207 15
60 56
44 53
285 254
345 132
853 18
230 531
792 351
859 547
349 270
279 242
755 661
769 755
334 76
229 488
235 254
160 71
286 314
1 93
23 239
25 472
136 40
373 3
242 265
618 565
812 527
8 31
66 1
184 163
509 49
390 193
65 514
8 32
177 394
632 208
815 446
152 474
464 274
113 48
109 284
86 587
240 337
13 176
23 26
295 395
173 811
886 585
880 95
322 556
54 107
757 735
34 24
365 493
29 461
502 38
513 198
199 100
129 76
327 189
20 796
32 194
584 306
711 369
55 655
65 32
647 719
379 62
508 93
220 176
798 544
41 225
92 49
457 66
349 614
313 441
202 131
269 94
615 53
257 116
40 270
153 746
560 741
110 159
178 352
231 411
461 851
847 81
720 527
186 653
390 736
527 691
741 773
263 97
783 263
511 634
148 537
96 246
512 356
29 884
119 402
68 241
200 299
25 227
411 435
648 27
83 310
716 189
156 358
28 231
604 355
125 75
467 354
6 765
157 247
729 217
162 82
1 339
325 94
24 102
818 2
176 190
343 725
61 320
163 465
287 178
468 726
147 276
173 260
534 242
93 97
430 247
206 560
591 498
610 436
682 167
487 808
248 197
230 236
60 167
439 469
538 471
515 432
351 337
209 290
1 293
355 276
707 770
163 267
54 603
371 60
681 589
692 80
224 10
106 119
611 343
192 91
2 3
497 280
278 740
706 165
213 646
56 42
37 124
357 589
219 291
29 12
473 624
675 555
174 570
46 42
313 176
96 218
24 17
694 370
26 391
651 637
363 722
525 548
626 512
264 275
44 174
303 407
144 14
494 689
149 124
77 62
182 359
81 410
633 513
249 384
123 10
88 778
19 21
52 338
72 813
278 117
166 234
350 203
171 196
289 412
309 100
824 234
252 456
360 328
212 767
17 18
526 849
157 186
76 52
60 69
332 530
314 528
498 424
151 312
855 573
582 163
698 841
621 284
8 17
567 56
295 40
425 274
35 18
867 679
321 291
311 415
212 217
126 156
5 6
481 359
279 482
383 126
190 432
25 404
650 110
437 717
5 1
16 90
57 578
830 380
802 2
69 340
433 36
259 752
674 805
494 300
313 444
134 517
414 22
550 70
562 504
303 280
488 579
878 111
64 882
561 748
416 40
702 730
10 39
223 789
188 258
440 583
93 209
226 130
98 205
140 137
165 865
860 444
448 332
423 9
535 205
8 71
594 440
453 285
7 128
2 4
213 70
740 771
666 130
8 10
623 23
827 81
533 181
225 609
8 424
428 421
100 161
366 231
873 646
820 666
247 712
671 641
187 832
477 214
151 87
664 460
121 105
869 870
738 389
588 240
495 138
498 569
597 70
846 246
560 836
483 474
894 590
358 565
46 49
494 536
97 198
4 81
638 359
35 96
708 823
117 888
586 311
458 544
61 447
408 844
216 203
120 112
211 186
126 153
143 491
710 590
147 36
207 393
66 74
178 71
652 731
137 7
287 685
323 637
